,Class label,Alcohol,Malic acid
0,1,14.23,1.71
1,1,13.2,1.78
2,1,13.16,2.36
3,1,14.37,1.95
4,1,13.24,2.59
5,1,14.2,1.76
6,1,14.39,1.87
7,1,14.06,2.15
8,1,14.83,1.64
9,1,13.86,1.35
10,1,14.1,2.16
11,1,14.12,1.48
12,1,13.75,1.73
13,1,14.75,1.73
14,1,14.38,1.87
15,1,13.63,1.81
16,1,14.3,1.92
17,1,13.83,1.57
18,1,14.19,1.59
19,1,13.64,3.1
20,1,14.06,1.63
21,1,12.93,3.8
22,1,13.71,1.86
23,1,12.85,1.6
24,1,13.5,1.81
25,1,13.05,2.05
26,1,13.39,1.77
27,1,13.3,1.72
28,1,13.87,1.9
29,1,14.02,1.68
30,1,13.73,1.5
31,1,13.58,1.66
32,1,13.68,1.83
33,1,13.76,1.53
34,1,13.51,1.8
35,1,13.48,1.81
36,1,13.28,1.64
37,1,13.05,1.65
38,1,13.07,1.5
39,1,14.22,3.99
40,1,13.56,1.71
41,1,13.41,3.84
42,1,13.88,1.89
43,1,13.24,3.98
44,1,13.05,1.77
45,1,14.21,4.04
46,1,14.38,3.59
47,1,13.9,1.68
48,1,14.1,2.02
49,1,13.94,1.73
50,1,13.05,1.73
51,1,13.83,1.65
52,1,13.82,1.75
53,1,13.77,1.9
54,1,13.74,1.67
55,1,13.56,1.73
56,1,14.22,1.7
57,1,13.29,1.97
58,1,13.72,1.43
59,2,12.37,0.94
60,2,12.33,1.1
61,2,12.64,1.36
62,2,13.67,1.25
63,2,12.37,1.13
64,2,12.17,1.45
65,2,12.37,1.21
66,2,13.11,1.01
67,2,12.37,1.17
68,2,13.34,0.94
69,2,12.21,1.19
70,2,12.29,1.61
71,2,13.86,1.51
72,2,13.49,1.66
73,2,12.99,1.67
74,2,11.96,1.09
75,2,11.66,1.88
76,2,13.03,0.9
77,2,11.84,2.89
78,2,12.33,0.99
79,2,12.7,3.87
80,2,12.0,0.92
81,2,12.72,1.81
82,2,12.08,1.13
83,2,13.05,3.86
84,2,11.84,0.89
85,2,12.67,0.98
86,2,12.16,1.61
87,2,11.65,1.67
88,2,11.64,2.06
89,2,12.08,1.33
90,2,12.08,1.83
91,2,12.0,1.51
92,2,12.69,1.53
93,2,12.29,2.83
94,2,11.62,1.99
95,2,12.47,1.52
96,2,11.81,2.12
97,2,12.29,1.41
98,2,12.37,1.07
99,2,12.29,3.17
100,2,12.08,2.08
101,2,12.6,1.34
102,2,12.34,2.45
103,2,11.82,1.72
104,2,12.51,1.73
105,2,12.42,2.55
106,2,12.25,1.73
107,2,12.72,1.75
108,2,12.22,1.29
109,2,11.61,1.35
110,2,11.46,3.74
111,2,12.52,2.43
112,2,11.76,2.68
113,2,11.41,0.74
114,2,12.08,1.39
115,2,11.03,1.51
116,2,11.82,1.47
117,2,12.42,1.61
118,2,12.77,3.43
119,2,12.0,3.43
120,2,11.45,2.4
121,2,11.56,2.05
122,2,12.42,4.43
123,2,13.05,5.8
124,2,11.87,4.31
125,2,12.07,2.16
126,2,12.43,1.53
127,2,11.79,2.13
128,2,12.37,1.63
129,2,12.04,4.3
130,3,12.86,1.35
131,3,12.88,2.99
132,3,12.81,2.31
133,3,12.7,3.55
134,3,12.51,1.24
135,3,12.6,2.46
136,3,12.25,4.72
137,3,12.53,5.51
138,3,13.49,3.59
139,3,12.84,2.96
140,3,12.93,2.81
141,3,13.36,2.56
142,3,13.52,3.17
143,3,13.62,4.95
144,3,12.25,3.88
145,3,13.16,3.57
146,3,13.88,5.04
147,3,12.87,4.61
148,3,13.32,3.24
149,3,13.08,3.9
150,3,13.5,3.12
151,3,12.79,2.67
152,3,13.11,1.9
153,3,13.23,3.3
154,3,12.58,1.29
155,3,13.17,5.19
156,3,13.84,4.12
157,3,12.45,3.03
158,3,14.34,1.68
159,3,13.48,1.67
160,3,12.36,3.83
161,3,13.69,3.26
162,3,12.85,3.27
163,3,12.96,3.45
164,3,13.78,2.76
165,3,13.73,4.36
166,3,13.45,3.7
167,3,12.82,3.37
168,3,13.58,2.58
169,3,13.4,4.6
170,3,12.2,3.03
171,3,12.77,2.39
172,3,14.16,2.51
173,3,13.71,5.65
174,3,13.4,3.91
175,3,13.27,4.28
176,3,13.17,2.59
177,3,14.13,4.1
